Scenario 1
BREAKS
437
3602
2112
3562
5333
5698
3045
338
5837
3391
254
4661
5105
1221
1379
1413
1701
1952
2065
3144
3187
3681
446
4895
58
618
630
LEAKS
4805
3342
3772
3571
5066
5869
6065
1060
1702
2704
3124
3404
3640
3693
380
3895
4082
5135
6005
620
776
3884
1763
1969
2298
280
3273
3387
3446
3545
3572
363
3817
3969
4050
450
5497
5787
5933
610
616
1818
3331
4594
47
4889
5188
840
902
1175
1176
1241
1369
1593
1595
1892
191
1978
210
2597
2599
2705
2999
3038
3101
3147
32
3257
3285
3497
38
3834
3854
3897
3950
4319
4369
4505
4518
4652
4757
4880
5023
5062
5067
517
5203
5436
5453
5577
5793
5920
605
614
69
740
880
940
Scenario 2
BREAKS
1951
3414
4988
5251
3404
6005
1252
2408
3094
3293
1186
288
3564
6023
2508
2535
2543
3104
3125
4132
4915
5775
LEAKS
4409
163
2881
5871
2094
2141
3449
2001
2910
3679
3875
4035
4038
4246
4788
1105
2053
2113
2216
2307
2409
2726
2821
2983
3760
4062
4083
5691
762
5105
4594
4880
1807
404
190
1373
1402
1464
1477
1568
1657
1724
1865
1989
2016
2114
2430
2440
2622
2730
2816
3041
3074
3120
3122
3184
3216
3726
3859
3959
4022
4101
4177
4507
4538
4584
4622
4721
4764
4882
4942
501
5042
5140
538
5488
5567
5677
5778
5959
6041
854
869
892
Scenario 3
BREAKS
716
3948
92
3435
3979
1972
282
1657
3122
2999
1019
1588
2116
2140
2318
3714
4125
4174
5144
5604
5946
LEAKS
168
770
3658
140
2252
3399
3903
4899
5456
3414
1004
1384
1922
2604
3264
3380
341
3804
3836
338
1788
1902
2263
2825
2904
2913
3019
3032
3402
3403
5125
5865
2212
2315
2554
2695
2710
2792
3082
381
424
5198
5783
5983
682
771
798
994
4594
1989
3859
4101
4889
3257
1610
267
52
1874
3088
1007
1016
114
1179
1201
1299
1314
1619
1699
1737
1796
1916
1928
1945
198
2152
2162
2291
2416
2468
2525
2663
2747
2901
2939
3071
3079
3149
3348
3469
3558
3587
4265
4341
4379
4503
4535
4642
4704
4807
4972
5013
5088
5128
5252
5420
5423
5579
5878
657
695
906
Scenario 4
BREAKS
163
2069
5942
3557
1558
3693
1813
1844
245
610
2269
2721
3758
4624
2060
1162
1280
150
1618
2062
2914
4010
5120
5277
5287
842
LEAKS
4805
2
5344
2844
4139
5995
791
2897
3571
1869
3123
1612
3679
3045
1966
1425
2145
3488
3624
3634
5362
5988
6016
699
788
816
5198
2307
2098
1341
1414
2137
2282
2992
3433
4552
5357
4594
4652
4889
5550
2791
3558
4807
695
4882
3147
4757
5793
1538
255
5164
1996
1031
1098
1107
1167
1377
1614
1649
175
1819
1820
1863
197
2455
2501
2584
2689
2759
2851
2954
2977
3314
3456
3466
349
3531
3553
3908
4454
4499
5089
5118
5123
5183
5408
5649
5718
580
5859
5873
5899
5901
5932
Scenario 5
BREAKS
3922
3398
3825
4117
1902
3019
91
1540
2050
2115
378
4129
1028
4594
2162
5105
1402
4652
1282
1631
2404
246
2804
3136
3807
4748
475
5004
5458
60
721
LEAKS
4805
2068
2464
3754
5022
5194
1832
1926
335
3409
6012
809
5865
6005
1060
1936
88
1794
1558
1640
2626
3123
3547
3690
3723
5688
626
2212
4316
4065
3121
3536
3613
3615
3800
3842
4093
838
4379
4671
1989
4889
1007
3216
4022
1032
1352
1418
153
154
1731
1857
1947
253
2596
2600
2646
2651
2772
2972
3049
3720
3762
390
4386
5100
5207
5280
5432
5523
5550
5845
587
5893
772
90
98

